
创建房间返回信息。

{
	s: 0, // 是否返回成功0成功，1失败。
	o: 1, // 操作类型 1 表示创建房间
	d:{ // 数据data
			"roomId":561243, // 房间号
			"member":
			{
				 // 结构oppoUid=>userId,
			}
			"random":[3,88,22...] // //100个随机数 1-100,
		}
}

测试数据json

{"s":0,"o":1,"data":{"roomId":100020,"member":{"1":100004,"2":100009},"random":[56,56,2,69,67,21,47,54,26,58,81,5,54,36,50,39,19,96,95,68,92,17,26,97,33,19,48,82,90,48,24,52,59,45,92,54,96,59,69,78,58,24,45,95,53,47,96,28,65,61,74,54,47,81,86,56,89,63,22,95,60,95,85,45,10,65,6,99,33,15,26,75,53,18,8,59,88,51,95,73,56,11,46,96,54,55,95,85,27,18,19,92,71,57,49,48,71,64,88,16]},"userId":"100009"}